Avg.score:0.9684962000183043+-0.00%, Avg.train_time:704.6088205973307+-8.87%, Avg.test_time:149.83734385172525+-16.39%, Avg.per_test_time:0.05098636945088705+-0.02%, Avg.extract_time:0.002335825408760281+-0.00%, 
Avg.score:0.9529544575253707+-0.01%, Avg.train_time:211.81902511914572+-90.53%, Avg.test_time:179.39632733662924+-15.52%, Avg.per_test_time:0.03427426020304362+-0.00%, Avg.extract_time:0.0035248772152626927+-0.00%, 
